574
613
604
737
333
759
242
391
552
903
936
567
468
213
878
934
526
666
282
521
602
904
826
178
561
074
206
046
365
377
791
315
038
423
539
965
403
882
743
435
806
251
605
588
233
211
739
545
008
345
469
678
111
832
952
257
865
765
199
048
496
741
907
560
012
027
927
676
750
823
153
758
062
751
194
579
087
132
767
283
338
462
948
277
336
646
487
866
659
244
827
413
576
045
404
892
854
490
565
768
079
335
621
669
928
405
439
428
084
853
855
114
085
464
063
652
523
704
879
528
536
043
981
770
144
847
110
124
672
690
369
834
698
649
470
668
986
258
432
916
051
125
009
881
705
772
218
802
762
848
323
188
862
910
809
801
681
962
680
735
057
529
976
214
729
803
299
384
998
935
474
308
166
819
298
761
877
909
159
225
372
784
630
119
779
648
047
991
727
702
064
134
081
836
416
712
873
677
876
643
769
254
294
422
969
540
706
102
518
757
445
600
240
209
015
603
022
620
156
098
992
548
117
946
516
531
187
930
815
344
968
215
005
334
183
149
607
715
440
798
300
997
511
292
042
870
148
179
583
717
128
501
306
945
788
325
287
635
162
066
961
456
207
256
095
966
964
886
912
722
631
606
804
472
273
133
958
331
665
088
498
732
799
100
985
116
908
339
611
362
396
267
766
537
817
800
201
989
465
994
555
922
628
691
250
525
180
383
479
771
018
582
718
783
883
591
818
189
039
186
655
415
940
193
252
679
580
674
332
971
842
499
105
996
281
917
316
856
406
328
460
872
152
534
820
824
388
033
660
386
645
777
379
773
425
719
446
424
260
710
510
688
570
274
595
754
255
093
584
863
640
538
395
107
272
532
919
454
080
837
337
418
202
573
410
813
044
290
402
504
808
082
142
616
245
247
056
184
647
671
434
587
457
001
347
227
382
695
031
651
024
466
437
320
641
973
349
438
014
790
868
447
650
763
284
670
497
310
624
232
016
071
812
893
120
753
918
742
387
899
557
857
713
412
288
642
109
003
736
701
895
238
374
389
059
816
264
527
731
724
394
351
099
136
023
571
121
350
086
025
972
838
949
861
653
195
112
289
776
764
795
216
601
327
831
931
163
634
390
662
558
700
168
721
488
792
076
358
944
502
811
164
072
146
375
182
703
563
021
401
376
896
835
726
381
977
461
840
543
846
452
859
975
485
200
551
278
714
020
449
407
785
682
052
236
871
664
860
393
145
689
585
594
304
756
821
130
522
060
636
905
782
172
329
482
123
360
869
577
884
484
175
486
517
974
158
495
019
520
069
749
054
220
034
053
805
956
317
612
542
455
609
279
077
544
990
939
851
720
515
889
993
887
430
656
131
568
699
744
926
492
141
314
217
129
122
137
181
035
000
684
222
546
303
297
067
090
781
550
417
414
073
399
734
013
623
596
597
589
697
633
979
319
326
385
915
575
006
276
891
807
554
101
622
483
509
988
269
340
196
593
524
629
793
637
888
489
933
752
541
176
929
978
833
343
068
353
370
725
291
147
654
740
224
983
694
709
775
564
955
830
478
476
480
730
850
535
307
302
165
970
508
078
890
352
253
229
185
441
796
787
708
322
610
049
427
906
092
443
150
619
685
494
925
135
786
513
617
728
615
342
231
271
608
841
657
745
138
874
346
170
810
409
436
324
599
041
421
075
140
366
055
065
797
426
239
559
221
683
096
026
367
951
285
357
693
913
010
941
230
259
747
839
897
248
481
368
625
106
167
503
696
547
618
032
204
626
104
586
673
507
397
249
354
177
852
471
266
789
411
937
530
686
083
380
943
296
959
954
491
639
058
845
429
921
533
373
663
265
151
364
519
638
864
999
127
007
270
475
293
473
828
556
644
875
356
094
361
089
549
458
632
212
113
420
512
953
957
493
661
814
028
711
442
982
867
002
920
658
598
208
984
467
091
569
755
960
318
947
363
923
205
192
305
155
667
900
822
450
174
924
553
566
987
161
070
246
223
844
017
477
004
505
894
444
226
463
103
301
578
400
716
157
746
330
378
733
572
627
995
448
228
171
321
592
723
748
263
562
398
581
901
203
506
348
967
280
234
932
829
295
980
355
173
707
313
514
419
950
778
261
169
011
392
198
268
938
286
898
115
614
459
675
262
190
687
885
341
219
963
241
309
312
037
911
371
030
774
040
237
108
942
118
590
029
433
500
126
453
311
275
692
408
197
191
359
160
880
139
849
738
780
143
760
210
451
794
825
843
050
914
431
235
858
061
097
243
036
902
154
