4757
9496
5228
6296
4207
4870
9437
1093
6969
8114
9494
2454
6346
9715
4546
5412
2801
5198
2794
9628
6307
3904
7073
6755
4454
6482
2318
5184
0718
5725
0274
6690
4332
0539
3978
7692
5124
1124
1072
4977
5986
2405
0191
8480
1038
7962
4646
7112
0487
6864
8972
4676
6263
2956
3577
7093
1460
3643
7590
4073
5918
8536
9801
5365
2578
7708
9794
3796
2007
2131
6473
2372
6533
2019
0400
9691
9819
1668
3928
8630
5820
8290
5472
1414
5207
7109
7404
1961
0348
1062
0352
8454
4365
9658
6455
0855
9140
3434
0854
2782
9984
1224
5154
4763
0902
3813
6622
1194
0561
9041
3123
6405
6592
9856
1831
2429
2504
2467
6981
5160
2833
5331
8310
4762
2389
7831
9937
0469
0878
6040
7154
7994
2370
7311
3274
1335
3051
3280
3979
6465
3183
3329
1016
6462
4090
0248
2906
8977
4223
1144
0912
1275
8464
3970
4156
5815
3396
1716
2761
3347
1105
8902
9289
0500
7424
8802
7948
1200
7897
7830
8430
5312
0187
0378
6506
8268
6484
3108
5713
0799
2198
4186
8431
8248
8388
0663
9275
1515
7381
6054
7366
6199
9835
4938
2673
1060
7431
1313
2643
9789
2203
2821
9626
6014
6855
1613
0010
1916
2362
4436
0811
0343
8725
2087
5161
5460
9059
8552
9553
5110
6545
8782
5453
6099
9740
3533
8098
3809
3783
6640
7615
2341
2222
5050
1398
8158
8127
0149
4348
9312
8142
4364
9026
5483
5105
2449
0291
1516
3026
0230
0969
4265
6142
4327
1044
6385
7014
0176
5845
0627
9951
4337
6487
8723
0677
0603
1615
8506
5621
2401
0367
3540
6801
2960
0168
0746
5982
4732
4923
5546
8456
4538
0202
6396
5861
3070
2964
9418
4971
3233
7042
0303
6136
6041
2628
4745
3464
6526
0638
6111
0036
4168
5264
5993
6820
4652
2749
0087
6038
7118
3585
7351
8124
5769
7696
5290
8443
4523
9003
1430
0813
9356
7840
3130
8570
3836
3868
2639
7995
8721
1806
8078
0831
0857
2871
9066
8130
9113
7854
8851
6116
3394
8563
9265
6139
3366
3787
9737
3441
4473
6982
1212
3307
3591
7177
7270
8605
6998
9812
5916
3361
2164
9936
3456
3343
1292
4712
0642
3327
0698
5533
1949
9386
4196
6124
5919
3967
1692
6437
7794
7626
5140
8436
1527
3933
7863
8090
1947
1608
3305
0419
3350
1100
2089
3792
3215
9531
2707
8785
6778
0255
3382
8289
2842
7950
0131
0408
7705
1598
9755
3746
7571
4925
4755
5203
3844
2344
1934
3531
0081
4107
0691
2907
2214
1174
0342
4541
2466
1444
7763
6146
9428
7648
1623
1884
9777
8386
0556
0155
1611
2439
8838
1975
3300
8393
0987
1545
4015
3650
7974
1498
9043
6955
0905
9346
5930
6398
8885
1433
9540
7472
2883
5098
1080
1122
9970
9065
8419
2062
9732
1340
0435
1493
7352
5902
7193
7309
5182
5219
1757
7838
2399
5359
4607
7396
3617
3044
2023
0784
5519
5333
3608
4411
9874
2498
7335
5814
9206
4650
6373
3470
9665
7314
2835
7077
9634
3535
9342
5294
0440
9485
6067
5516
1442
6426
1256
2764
5296
9652
8422
6448
6596
0428
0162
1475
8476
7805
3029
8242
9961
4020
6070
9768
7447
4590
2738
7484
3158
5040
2841
9000
3741
3679
0933
8467
3403
9673
8512
5718
7407
5414
6466
1557
1496
3622
1701
2702
8194
4878
3449
2708
2819
2354
0100
0932
9960
0454
6912
9280
5151
3910
1277
8322
7087
3966
8731
8087
9631
4884
9693
1159
0611
6249
6541
5332
8771
1045
3504
0179
8818
8903
9818
1817
4960
5997
4730
1514
9020
1289
6790
7272
1487
9616
1420
9048
3485
8927
1286
0023
9772
9073
0940
5979
7271
2512
2600
3446
4530
9666
8602
6292
2042
2486
0986
9921
4253
0511
4025
8973
4715
5683
2591
8746
5804
2846
1381
0450
0414
3180
1300
4334
8586
8491
8196
2996
8136
9457
7206
1284
1082
8636
6105
9649
6726
2573
3525
3676
6252
7061
1359
4023
8774
0406
4885
4320
3732
1607
3112
4147
4062
7774
9599
2825
6165
3579
3161
5611
9949
0665
4053
8828
4154
4396
5183
9111
7704
6737
5221
5487
3469
9722
6780
0835
2154
7330
4161
7147
3099
3677
4585
8882
8378
7345
3916
1217
1169
0547
7138
5407
6084
4155
8450
3125
4749
4709
7148
2698
2411
3328
0748
8992
3658
0510
9817
7165
3439
4419
5378
4992
8803
0688
2038
5962
0445
0252
1728
7040
1583
4946
7791
7240
6110
8979
4005
4961
5622
8186
2768
7172
1740
9770
4782
9092
4537
9694
7550
7326
9025
1259
3523
0108
8484
3704
7371
2783
9290
9276
0875
1948
4180
7373
6013
7067
7015
6098
5802
6745
0394
8219
1311
1260
0295
7825
5091
7306
5030
8328
3499
5922
7333
1526
0727
4991
0499
6844
5311
3049
2084
8879
2831
9094
7378
6480
5356
6491
2427
4998
2898
4958
1373
0354
4827
9242
8040
0332
1249
2166
9056
3248
7993
6924
8800
1380
2689
1092
2047
6075
9719
1659
9037
7814
8442
0943
3479
8938
7832
8304
2736
1283
8365
4820
8747
3087
5005
5974
2104
8526
2566
2417
4864
7125
9956
9584
6339
0222
7011
5086
6703
3718
9130
5006
7069
7539
8958
6667
8118
5843
1714
1637
5952
7261
6284
3218
9733
2275
5731
4766
5994
9695
6266
9526
6821
4302
7257
6639
1112
9928
3564
6693
8057
2613
2463
6976
1139
7375
8005
5596
6838
5341
0566
4318
0183
5189
4515
9852
0935
6798
9906
9153
8824
5438
3316
2369
0954
9530
3071
5772
6033
9559
6605
9829
9774
6497
8010
3607
3686
6093
0481
5573
1270
8285
3404
0345
0963
8048
4389
7679
8813
5825
8400
4716
1027
0568
5433
4108
8208
0931
2160
5840
0765
4777
8741
9560
8543
4127
0672
7514
0900
4614
9394
4707
8975
0780
8072
5774
0553
3455
3688
5369
3452
8426
2288
3444
5839
1810
0637
7720
3997
1578
2807
0051
1902
8210
3521
8810
7419
9090
6194
1878
8017
9023
0015
3689
5039
2942
4347
4131
8089
1052
0258
0310
8279
8377
1969
3119
4078
8998
7891
8806
6602
6643
9546
2593
4306
2668
1654
1047
8904
7714
4222
7900
5799
6449
1121
8337
7829
3592
4664
2802
7304
7506
1183
7238
8497
6301
2965
6744
9873
4017
1752
8953
6302
9442
5095
9821
9511
0409
7680
6035
1642
9349
8100
1201
8841
4123
7387
5852
3728
9155
3359
5751
6143
3463
4111
6934
8221
1233
9642
4972
1524
2519
6338
7542
1489
8551
5347
5147
8957
3899
6100
8129
1903
5560
5969
4517
7556
0280
4109
0370
2775
9697
6674
5945
6022
7568
7978
5388
6502
2039
8786
7861
7537
7618
8429
2330
6681
1965
2605
2623
5175
1906
0277
9525
4659
9731
6895
4758
7876
2298
2242
5510
4575
2882
2518
2476
9455
6495
0006
8160
2632
5567
5915
7889
5071
7773
4983
4182
7010
4367
8575
6923
0152
2141
8807
3649
6626
0293
8144
8652
3567
1946
2002
1679
9078
3365
9876
7593
8019
4394
4566
0503
7888
0640
6695
3775
2793
6581
8788
2357
2843
8924
7171
5326
2865
7209
2576
5570
1370
9588
1320
2535
0495
8925
7980
4658
8798
2635
9175
5354
5681
8997
4120
5972
5882
1392
5620
5876
2361
0492
7804
9842
3054
2666
1656
9384
2135
0880
8288
5777
3066
5436
0917
8164
2754
8820
7737
8269
2582
0570
2786
7297
1422
8110
9595
2950
1800
1020
7992
8183
7702
0182
2117
2212
1365
3458
5838
3740
6740
6738
5894
1663
5484
6272
4868
6858
6036
3225
5680
8644
9623
9880
6088
1382
1715
0840
3413
1098
8256
4968
8168
7893
1011
1435
7949
3364
6176
9425
6646
4635
7971
8036
5711
9441
9907
0028
6063
0895
2854
0044
6418
0246
5480
1083
0035
6739
2829
9858
0870
4638
4588
0913
4084
8625
2285
3865
7409
5803
1645
3045
6823
9619
5051
3122
7972
2034
6933
5860
1482
9257
9075
9077
7808
8603
6281
2209
1158
3314
9564
0562
3957
3655
4606
8321
1634
7895
6191
4852
8840
3201
6875
2293
3136
8316
0704
1123
1179
2494
6678
1278
5330
6192
2115
9828
2730
3870
0671
2521
2284
5571
7867
5393
1114
5250
3632
4841
1652
6017
4882
3996
7523
1267
2904
8397
4954
1470
6422
4807
3473
9849
6832
9109
1054
9433
2859
8999
2337
0323
2456
0573
1023
1400
1617
4514
1592
7058
9528
2912
5299
0233
0869
3951
5211
9181
9373
0307
4679
7372
4158
8682
3717
6659
6214
4940
6200
1763
4701
9785
3427
6570
6521
3496
1032
4616
6666
1899
7699
3833
5650
7439
3399
6162
6654
4548
1132
3302
0066
3192
1182
5509
9681
9116
5823
2884
1900
8962
1421
5556
5078
6549
8009
6630
7934
4553
7572
2078
3089
4286
2460
2400
3654
3606
8607
2182
7945
1265
9200
5858
5052
1890
7998
3785
5607
9914
8718
9971
7790
8501
4601
8547
6922
9436
4200
2129
9248
7462
5745
7683
7698
8362
8654
2505
1049
0941
2237
7480
6598
6760
0137
8180
7490
1823
8569
0545
8107
1221
4191
4869
0712
3408
6751
7894
7273
0373
8913
2085
7284
4252
3478
6442
5801
0496
3670
2249
8624
8600
6840
0508
0790
7666
9131
8864
8745
6510
8919
2618
3224
3748
0244
1879
8411
2441
3817
0999
4195
0674
4489
9010
8906
8374
6803
6679
3095
9249
5392
5270
3994
8066
5253
9369
4889
4239
9400
0883
8264
2143
4586
7449
6712
1443
3914
8628
0221
6220
1113
4298
9484
0194
5059
2638
8150
3415
3048
1780
1222
3963
4197
0998
3875
2980
6762
8035
6960
8195
6578
9463
7858
2373
5849
2194
8115
5494
0733
3777
9515
4054
4063
8488
4839
4217
8449
2911
3988
0648
2709
2855
4856
1646
9405
3412
6528
7075
7465
1566
4244
3134
1073
7632
9901
6758
9698
4860
0516
8918
1529
8291
1383
8812
7916
2017
0042
4611
0206
1491
3061
4584
8940
8024
5643
6020
9007
0056
4990
0994
9087
9454
6535
9165
7098
4649
9808
3191
3907
1548
3725
5557
6407
5991
8315
7464
1550
5191
9355
6501
7187
8950
4326
1558
1980
3040
5628
2658
5811
0483
4648
9058
1569
1295
1563
0546
2753
9841
4077
2795
4512
8406
3093
6733
9184
7527
8402
1573
6348
7166
6315
3354
5976
3690
4390
5242
3482
4805
2313
6078
2359
1094
7376
0995
8615
3286
5224
1995
8113
7591
7946
0652
9591
2231
0619
5868
1223
9104
5967
6835
5939
2114
1737
4595
9413
0144
4490
1107
4229
8412
4929
3085
1050
5785
7056
9825
0341
9924
3998
3480
1228
4003
0991
4129
6232
4557
4722
3006
4723
4736
0005
0826
0607
0975
2705
9625
3840
7710
6597
9739
7429
8937
7789
9968
3304
7453
9568
9166
2684
4047
7685
1725
8769
1126
1854
1807
9994
1129
0732
0138
1674
0793
6886
2945
1185
3702
0008
4540
6794
7636
1626
5072
8796
0126
4087
7094
6607
4536
2181
8832
7196
4698
3324
0822
6715
4382
0084
0699
9064
0456
8520
4097
8867
0442
0911
0482
0022
0541
4890
5613
1992
2669
3339
8260
4719
1833
3157
2391
7961
0374
8188
8861
7079
1163
0157
6021
5104
4944
8033
7611
7458
4756
8236
0651
7744
9217
2146
8935
7230
9492
2240
1593
0521
7631
9878
7224
5612
0745
6223
0325
6342
4816
9891
5025
7881
9308
5216
2336
6450
7362
2525
3696
4237
3326
0463
8062
1376
8007
9741
0805
6068
1010
4793
3113
0983
0368
1211
4678
6806
6537
0582
5688
0524
0530
2857
4417
4796
5766
7089
6683
6564
4159
3580
6436
3715
8471
4079
3287
9201
1396
9062
6414
3784
9213
0443
2927
1662
1710
4617
8339
2208
3976
9415
2390
1930
0955
3763
4773
0684
0823
4610
5924
3363
4612
3259
8572
2603
6617
8737
2834
1803
5033
0090
5651
8892
7902
5397
6335
5226
5275
4381
7286
5450
0486
0695
3502
7023
8648
1937
8489
1595
7765
0803
8716
6354
7050
0382
1537
8571
4801
2193
6943
6264
6743
1068
1787
2687
2805
1391
6147
1696
6360
7740
2828
0273
6498
3520
9813
9352
9398
8875
2897
8134
3652
5925
8826
7748
0862
9916
4905
8634
5942
5256
0645
9028
5254
9169
4565
6336
6756
7665
5755
9556
8775
1246
3983
8665
3285
3932
0551
1798
4072
9903
8513
5506
6313
5981
7936
1203
3447
8266
4163
0739
0458
0697
6206
6507
6950
0121
8303
2664
2215
7914
0834
5530
0751
2432
5958
1876
4134
1681
8638
6150
6415
1474
0706
7197
0965
9321
3558
7500
3934
9445
6996
6481
2806
1953
5111
2050
9955
8415
0096
5614
2813
1747
2506
9912
7546
7595
6439
7208
5315
5715
5286
8527
4414
8592
5024
3340
8759
9221
2388
3508
8843
5010
2523
4673
6087
2809
2679
1001
9411
6709
1436
2721
2056
0649
1638
8281
3800
3960
0041
8623
4285
4747
5038
6411
6323
8034
5004
7036
0584
9839
2717
8772
4085
1861
4731
2718
0068
1322
6121
6576
6907
3198
5165
6364
1582
9014
9685
5088
2073
7141
1705
1998
9210
5901
9315
1620
4544
6641
7002
6477
3639
1915
3348
6079
4103
1425
7960
4460
0053
1959
3530
2386
4951
2144
8199
5689
7835
4470
7169
1677
7939
7474
1352
4918
4545
3586
0786
1671
3954
1427
7513
0306
2597
9244
7943
7557
2065
2315
9115
1781
1772
5159
2260
4185
9291
7940
3816
5604
8821
6318
5795
4116
0981
4339
0256
8147
3861
7185
6824
3546
2437
7283
9375
3991
2444
2928
8126
6186
1958
3229
7762
4041
8880
9781
6133
2674
1501
2509
2424
1661
0086
0047
7786
1755
4543
4499
2211
5917
9139
5655
0178
9004
9563
8986
5635
4849
2759
1141
7277
8295
9751
8267
5503
2787
3202
3516
7649
7579
1718
5648
5306
9274
1250
4276
9029
8452
4192
3184
3156
1157
3010
3057
0760
0583
6649
9897
2672
2948
1149
7866
5064
4397
3238
6843
3549
8750
8358
7028
4547
4728
7694
2563
1521
6096
9692
5862
5353
9689
2781
9967
6951
9264
1713
8727
5479
1266
1466
2305
4002
3830
6561
5310
3137
7505
2385
6883
1254
9509
1877
0476
5846
8848
0193
4010
4625
7552
4208
6647
5904
8760
6438
1296
5409
6898
1022
3018
0924
2314
3387
5694
4582
6242
6228
3160
1251
6827
5096
6812
1247
1520
2601
4232
2870
2700
5152
5577
1643
5547
2984
1574
1908
5465
9052
3205
4752
4234
0261
5421
9416
9938
1153
1968
9470
6651
9202
6723
9746
6993
3780
7598
8596
0798
3210
8655
7659
0961
2799
6759
4790
6048
7339
9296
0726
3002
4165
4238
4064
6988
4352
8049
5399
8225
4115
8250
3985
2316
8710
5009
8666
2126
6892
3422
9793
1369
7605
2320
2737
6757
7655
5305
6787
3457
3011
5738
2457
7124
7143
4504
8582
7037
9862
9122
4628
1210
9954
0441
3786
5767
5068
0631
7491
9558
4175
5854
3269
3216
8870
4273
6280
2731
9902
5619
7083
4249
1648
9341
5543
0242
1786
0901
6216
4358
4578
7812
4717
7441
3743
1374
7621
0984
0844
6387
7155
9055
7690
1077
7906
2814
6938
7043
6394
4506
9243
2891
0313
7614
7368
4822
5492
0029
6290
9796
5015
8235
1440
3811
9407
7986
8943
3503
9008
0655
8320
3142
8616
8533
9469
9378
1824
1019
4317
2714
2365
2219
6560
6692
6226
4478
0594
7144
9005
9663
8865
5687
2925
4993
5534
8877
6057
4907
4956
2475
2629
6332
3989
0668
6277
1749
1195
8432
5367
7701
3401
4126
4609
2875
5466
2497
9176
5826
7003
6995
9932
4104
3411
9889
1208
3583
0430
9300
9327
3590
3644
2398
2378
9174
6319
0656
9323
2103
4704
8686
6076
5336
7768
7250
5374
5070
2553
7711
3154
6589
1061
4151
2121
0128
9419
8601
9671
1447
4759
2556
5272
9805
9036
6968
3292
2054
4475
8720
0433
4516
3115
1893
1920
5429
2692
3851
6452
6504
6559
6609
5821
2901
9080
0385
0058
1273
5115
4393
1572
4877
2022
8714
1951
1838
4044
0132
7767
3207
0701
6846
1055
8241
3297
2939
7771
6974
4821
4477
6231
6939
7918
3436
6822
4642
2947
4293
4891
8123
9830
5813
1676
2239
0958
1240
5375
1331
6219
8106
1178
1242
6343
0906
0000
8280
6380
4307
3550
2252
7007
9283
7871
8373
0302
1457
3075
8434
4629
4100
7717
5762
3876
6247
3487
1977
0224
1905
5879
5430
9461
1894
7750
1071
3374
3828
1864
9721
9831
0783
3733
9600
0635
4193
5355
8916
9170
6612
3253
3007
7488
0262
6379
4569
1089
5761
6940
6849
2269
7391
4579
6773
3845
5120
3268
7195
6309
7343
3574
3801
3779
2715
7430
1431
0195
2751
4559
2550
2014
6376
1684
3802
5586
4746
4937
9368
7524
2079
2010
5069
0216
7229
7510
8695
9212
7369
3700
4677
0772
1148
8681
8120
2107
7052
2186
3648
9250
9362
3425
9890
2868
2967
0136
0843
6300
1721
1699
8635
8080
6454
3940
2817
6406
4785
0729
1911
2888
7477
6676
4887
3925
9585
4458
2493
8604
5513
6230
8971
3381
7071
7199
3242
6911
3941
2662
2961
3527
3562
7569
4136
6208
1881
0938
4152
2979
9027
0819
0181
0782
2848
1774
0776
7092
9905
5788
9361
1825
0687
0543
7749
3145
5150
0389
1230
2914
7442
9187
0867
8556
0493
6201
9766
8948
7020
8409
3573
7294
1639
4019
1035
3653
9225
0890
6115
9142
9156
4098
5549
8521
8198
2594
6702
0856
7851
9861
3194
6547
9288
6936
8001
4190
9843
6987
8934
3098
4567
5176
2161
8117
0321
6882
6930
7307
9168
4901
3924
3313
9645
3181
6401
9435
4535
3388
0297
9263
4391
2554
4241
7873
1720
8300
1979
1885
6590
7841
6694
9931
7389
2309
1669
5670
5425
7237
7380
6331
6306
2216
5362
5448
5087
9981
1790
2177
5690
2319
9366
1346
8058
1351
5636
3881
5445
7225
8271
0229
4167
9459
3656
7319
7160
5954
3228
6174
4061
1819
2952
4059
1599
1209
2132
3291
6908
7982
2583
4264
6347
5990
2492
8855
0249
8396
3745
6961
0424
0809
2263
0045
1761
5329
1492
3176
6127
2680
9054
6878
5746
5478
2830
2762
8797
6531
5037
0558
5903
8296
6525
7555
1759
0120
9908
6377
6971
3239
1605
0966
9985
1412
1559
5923
9295
6779
5696
5875
4828
6610
5625
5989
7417
7677
0873
8679
8548
4522
7218
6045
0054
1960
3037
0513
4962
8002
7684
6389
3872
9847
5505
5555
1726
0251
4653
5360
5590
7288
8131
3481
7395
9918
9587
7924
2015
9983
4608
7498
5279
4456
8965
6532
9948
7295
2861
4844
3625
6594
4214
7204
7336
4710
0887
0974
8545
8238
4665
2248
6966
6399
5144
5162
8515
5082
2853
3155
4999
9507
8976
2536
9544
4309
5257
0386
9125
0623
9869
3024
2693
3483
4834
3761
6866
3092
1531
1775
2433
5966
5912
0894
0366
4534
3862
5759
3033
8327
1164
5395
2191
1591
2301
8751
5117
2652
0609
9582
2230
2899
2874
7267
2546
8119
7205
7393
8661
6503
3143
9444
0680
3395
2431
8146
3296
5893
0923
2994
2300
7219
3030
9018
0960
1770
9467
9943
8606
0072
6539
4913
2765
8405
1922
7203
3465
8276
3063
3081
2777
6620
8946
6657
0696
9844
3626
9392
7561
2727
5984
5712
5220
4898
2414
4928
2189
4086
2329
7080
6046
3884
3541
8580
1096
6732
8535
5486
5522
8676
1262
6106
6749
3926
8081
5385
0839
2622
3798
3060
8649
1014
4203
0281
7005
4767
1706
9898
1294
0141
7469
0305
2487
4303
2887
2425
9632
8698
9717
3459
1303
1409
9714
6012
9610
9134
4181
3766
8091
2986
9742
1196
6768
8385
0384
7528
5400
5673
7489
2088
2302
1851
9118
0133
3036
8887
4484
8711
2784
3151
1635
8101
6917
0485
9050
7356
9848
8871
7653
3420
3056
4140
7415
2358
4213
4563
9922
2012
8922
4624
9393
5351
9605
0243
0586
8352
2763
9578
6166
2636
8155
0217
3492
4779
7468
1602
5920
0294
3756
3514
2188
6316
6689
5377
3898
6851
9551
3263
0714
2421
2723
4858
9040
8343
8591
5452
3556
6097
6538
1091
5626
4018
2839
3512
0184
1518
7346
2930
5610
3231
6680
2654
8417
5817
4172
9557
6112
5361
8928
1317
2840
1253
7604
4965
5463
9604
5029
2470
6402
2238
1688
8816
1293
2066
9493
1434
1477
1753
6265
3400
0335
5798
5528
3601
5233
7104
6946
0461
9508
2282
7461
6544
2988
5222
3793
0218
6061
1483
1450
7121
7718
3105
5784
6515
6792
1629
8503
8407
9204
4040
0266
7097
3683
5422
0208
5391
7499
4848
3462
7709
0477
7096
0203
2957
4260
0709
9180
5431
1111
5016
7882
9888
6158
8743
0130
5174
6522
3379
4311
6233
1184
2972
1543
7735
9207
3212
7280
1416
9246
5824
0289
0396
2529
3429
2070
4235
7581
3358
7892
3709
5717
6378
9581
6492
6771
0146
6227
3555
7467
7885
0076
0630
3283
3633
5490
6279
9570
2081
0812
3147
7730
4568
2997
4247
4281
8209
8351
5269
5259
3566
4423
1954
8309
5244
4088
2892
4383
3619
3823
1641
5251
5192
2890
7027
0670
5390
4150
8360
8065
2422
4647
7081
4176
6628
2057
4924
7048
6670
7157
4166
6664
9468
2185
2113
4813
6167
2983
1347
4447
8478
1826
7759
5127
0139
4379
0402
1063
8517
7864
2416
3240
4979
4700
2049
4301
5787
2046
0040
3708
7567
5475
4210
1912
6151
4215
3638
5956
9659
8538
9261
2552
2520
7536
5658
8252
4013
8929
8122
8330
1192
5936
5975
0171
5017
6196
0494
3042
3962
1568
0820
2147
7565
7541
5892
0830
9809
3290
1012
2959
4110
8461
3370
5535
1892
0616
6107
8525
1378
9952
0016
7844
8534
1191
3806
9750
5666
3895
3009
3694
9370
0636
6488
2560
5278
3853
8752
8967
5320
6660
6340
3149
3341
6293
2780
3453
5805
7928
0038
9205
2234
6184
1942
9099
4080
5724
6724
5739
5867
9627
7769
1767
5850
5049
3706
0550
4861
7887
9211
4315
6180
7642
2766
5836
4462
4221
6682
9447
4230
7521
5439
2561
8439
2199
6550
4787
9247
7370
2368
3166
8356
1597
2954
2637
0073
6734
7731
7184
6073
6863
7361
3937
4283
7927
9710
1456
8700
3312
5055
5525
8410
6255
1199
3250
1828
9749
2508
0770
2286
1361
7016
6658
5832
6016
6593
0749
5735
4933
6621
4051
8380
7899
1042
8611
4562
0439
6019
7776
7860
3747
9972
4686
5066
4101
0815
3584
9607
6062
3277
1131
7511
4880
1018
8011
4521
0678
3661
6081
0379
7798
5965
5782
2677
2743
0167
5322
5482
0700
2739
1465
5953
6241
1280
4351
0091
2850
2876
7647
9179
5781
6786
6122
1967
3059
7869
0427
4420
5932
1449
5524
3912
5591
1472
6239
1350
4224
5748
6365
8641
3759
3284
8594
6508
2970
3243
6783
7190
0785
5187
0185
4853
2271
2207
0942
1847
5616
0119
4228
2165
0426
3129
0833
1927
1410
3921
8794
5019
6582
5419
9389
7279
3971
7956
8294
6371
2227
7515
4855
1667
3920
9655
8139
1497
9723
1385
7622
1026
5807
9173
3168
5058
6776
6478
6304
8335
2811
7875
0472
3854
8847
7901
5542
6261
3623
1490
5669
9872
8637
5132
8458
9219
3636
4377
7637
4833
0973
4430
7811
6945
1589
5726
1722
8664
7305
4826
2837
1321
4857
4487
2250
2149
5458
4375
9586
8790
3150
2528
8658
6459
1519
2675
8229
2267
0436
5065
4696
2620
0606
9434
8042
8026
4305
9601
3069
1146
5754
4071
4083
9266
2483
3078
6999
2338
8954
4464
3913
9758
8369
4455
9332
2403
1458
1261
1974
3772
8445
1612
7340
8804
5527
2656
5000
0554
1553
1632
2418
5301
9690
5710
4964
3684
5973
6475
3720
7909
5895
3362
7884
0002
4399
8169
2377
1308
2274
6408
5890
0079
0287
6212
0610
0841
7923
0405
0074
6256
4269
2931
3501
8046
2453
8966
9678
8917
8791
0506
9287
4068
1533
7418
5043
8532
8141
6854
6718
7588
0172
4927
6826
2836
2013
7175
6213
6956
4187
0349
1991
1309
3805
6928
3421
5742
4125
3609
0393
9518
3100
2625
1880
2005
2902
1180
3393
6015
6978
0743
5223
3261
9108
4859
6334
6283
0851
5517
1258
8852
7907
0094
7586
7207
6986
4571
0338
7678
9103
5697
9536
6706
1808
3437
6091
9728
2686
5129
1323
0299
4380
7063
9596
6730
8632
3466
4428
6431
2374
4836
6750
3659
1101
7365
2217
9537
6129
2321
8068
7349
3770
5171
6388
3576
4133
7669
0540
4170
0622
4081
9554
3943
3082
5714
9410
6367
9832
6395
5344
6102
0796
0922
4577
9325
4169
9399
2479
8191
5138
4410
4067
2896
4422
0165
8230
1928
2464
6529
3864
7291
6782
3128
1116
4034
1371
8082
4202
5891
6805
5108
0177
6328
0694
8203
7436
8612
7660
0505
3124
0602
4694
4413
5085
1237
5456
8448
5449
5457
7344
8340
8631
8468
0369
0517
8425
7912
7243
9061
7713
9472
7222
1226
8182
7538
7359
9562
4290
8177
5245
2609
6829
8302
4894
0689
1419
7248
1235
1202
7670
9429
5094
4297
3891
3252
6530
7421
9993
5741
0170
9926
9106
5950
1041
5551
3440
2428
1341
4950
8312
6305
4733
3799
0214
9270
9965
5978
6463
2289
5164
5617
4978
7074
4468
0371
8332
1907
5376
8834
0846
1544
9345
3380
9022
0169
7108
3630
8609
8729
8921
0466
9464
4219
6556
1511
1983
2881
0347
6517
5178
4407
4911
9440
3257
2278
9072
8277
2572
7743
5881
7350
1866
2195
8496
7176
6295
2434
4245
0020
7212
5382
1324
3722
4336
2281
1102
4444
4672
6058
4513
1565
5963
4122
0728
7235
1816
8528
1162
2158
1971
0431
8568
7039
0413
9098
0267
5313
8175
2451
7150
4875
1500
3493
5003
2867
7200
6941
2071
0827
2812
9097
7445
8331
1534
4871
3955
6927
0791
7522
5488
0085
8740
3004
1218
6839
7486
6967
5719
7239
8817
3835
5988
3691
3896
6257
7921
6952
2791
3000
6353
1852
0621
9657
2176
9281
0526
4205
8060
7846
4442
3245
2758
7427
6053
4289
5026
3426
2210
9017
8211
4178
6874
6074
4605
4359
8367
8674
9782
2069
6579
9476
4634
9456
5665
3765
5544
1532
0859
5634
3859
5260
7652
0914
6937
5125
7526
0534
5878
9152
2331
9930
3172
8872
9107
2879
7241
9423
9684
2175
0572
4963
8770
1120
4921
2205
8073
1058
6183
8459
9729
8873
1291
6929
7862
6027
3629
0421
9593
4942
8227
1590
4093
3320
0491
4948
3697
5403
1904
2044
5288
8778
1187
0317
6390
5126
1587
8008
1769
9272
7751
9712
5639
4027
6527
3460
2040
2767
6566
6374
9154
0884
8234
1197
6351
9417
5536
5155
0868
1051
6512
3927
5358
7870
3398
2527
9199
8942
9826
1043
6326
4171
2790
4118
6137
4788
7400
9859
8184
2496
7599
7496
5318
1244
6086
7606
7082
2184
6221
6879
7308
6552
5467
0497
4319
9252
0018
0250
2992
5057
7828
1845
0509
9716
5580
0046
0898
0552
0937
0747
2645
8028
9230
2345
3548
9840
9754
9192
4296
6608
5691
6926
0075
7957
9160
4818
3173
5638
3856
1932
9042
2472
2894
6198
6314
4641
9138
4825
4720
9216
3755
9803
4401
6632
7874
2599
7179
2343
7174
9081
1234
8299
7045
8960
5204
9338
9227
7006
1337
1354
5217
3887
5968
9328
4987
6218
4872
4209
7822
4308
5076
4687
8773
2608
5698
1562
6543
2294
4564
1408
0578
1310
8394
2510
7585
7444
2869
0693
5847
5328
3894
9641
8564
3182
7726
8096
5146
0452
5732
6253
7562
4065
4014
7559
3490
9720
1445
5246
6077
8874
1467
6423
5775
4295
5300
8447
4724
4953
6636
4600
2033
6268
2055
6714
2296
4471
5339
6769
7221
6138
4007
1305
3477
7470
6297
0618
3893
2356
2367
4328
7589
1193
7494
1128
2824
0723
6524
1711
3275
6984
7963
3536
3467
9489
3944
0581
0514
2020
6382
4697
3848
4058
6746
3727
5685
3431
1332
7883
3847
4021
8955
0675
7013
1678
6204
4038
2661
4323
3597
1809
2036
6662
8910
7216
5532
5454
7198
9021
8835
7502
4713
9396
3221
2474
6925
1486
3982
9030
5337
7988
6177
8202
5913
8507
4316
7411
6616
5471
4164
3897
0449
3346
2363
8639
8581
6795
8886
0591
7091
4775
8862
4919
3206
2877
8076
6772
9381
4683
2283
5468
3560
7128
2116
0474
4037
7687
7133
8246
0025
6023
9231
9309
4074
3855
5239
6453
9615
5831
4255
2644
1680
2322
1812
0593
8825
9735
1468
4770
7801
5682
2647
4384
9756
3121
9800
3528
5363
9646
2225
0598
7728
1731
5464
8055
3237
5864
4137
1972
8694
7788
3768
9144
2355
2990
3553
7865
3088
0872
7922
0268
8257
5116
9661
8094
5101
0821
1963
1818
7964
8494
5700
1206
5446
1170
7984
6599
6009
1579
3174
3276
3972
3724
2502
9123
1858
1186
5185
0730
9639
3072
7780
4662
9285
1473
4441
7072
5321
3461
3673
8567
1853
1943
9015
9612
6499
5771
3141
2332
8995
4532
5521
8483
3794
4272
2384
9711
3244
4343
7149
3083
3750
3179
5540
9286
9784
9618
6648
6113
9495
6141
0361
9620
3551
8498
6432
1760
8846
4655
3589
1040
1006
7688
2387
3721
9885
2886
7448
2688
8041
9647
5282
4552
2360
4431
5512
9292
3288
3310
1368
6370
4764
3846
7826
4862
0143
0199
9480
4603
5887
5258
7323
3114
0363
3076
7754
7068
8437
1362
2792
2100
2352
9322
6867
1836
2200
4995
1839
9095
5539
9063
3850
4985
2118
9462
2568
7412
4494
2402
9141
4802
8286
6959
1522
7254
9999
4130
3410
7517
9704
6031
4914
8440
3980
8398
5469
9306
2382
8108
9966
5141
6818
0567
2446
9946
5323
7348
5872
9397
5092
8696
9430
8680
6935
2183
5734
4883
3186
8585
9146
3509
2342
6958
0708
2823
8633
2564
8112
9669
9640
5142
6267
9579
4837
0417
1872
7312
6573
3918
9284
4153
5271
0468
9011
2011
4510
9333
7890
7738
5998
1616
7403
1103
9251
8376
9093
3687
7076
4354
2866
2657
7756
0980
2174
4621
5441
7799
4739
7848
3858
0465
5139
0535
6160
7299
7566
2592
1005
2148
1076
8784
5511
5841
1154
2844
7416
7459
3315
4450
2640
3443
2375
1057
1883
8599
4310
3489
3014
5559
4128
7202
4248
8897
7289
8140
5957
0196
3660
7038
2477
6042
1081
0589
3053
7625
0779
5197
1541
7856
8444
6157
4708
9294
4644
3582
8490
0237
7497
7819
8273
2860
5763
7226
9950
5722
2940
5075
7797
6921
3524
6229
7151
3518
5800
2704
3299
3319
4300
7382
3357
6519
7364
6341
5073
9962
6963
6688
4808
1138
0742
6572
1784
7645
4052
1910
7457
9453
2197
8920
2797
2885
6644
9439
3965
7607
7399
8228
1657
6172
0106
8715
7630
6108
3041
3219
1227
1727
6615
9491
2808
5889
9226
3360
7525
5262
6595
2720
4483
5776
2742
3774
1386
7761
9044
8262
1875
2971
0580
3645
6469
8787
1745
9743
5474
3372
6034
5084
7044
8523
1316
7100
6970
9603
6120
1698
6962
4945
8819
9923
3090
8755
1333
1887
3839
8869
3110
6991
4804
0011
6775
6215
4520
4472
9630
8061
8765
8587
4000
5888
3575
6026
8857
9084
4463
2326
0849
2379
4854
2574
1700
0774
9527
6994
1848
8876
8856
5303
9682
7872
2587
7126
5609
8659
2394
9482
6990
6997
6554
1067
5416
8075
5011
4451
8258
2043
8306
6516
6784
3640
6567
1554
9893
0475
8908
9060
6677
9164
5502
0797
5455
1085
7533
2150
7315
2246
0118
6490
3612
2277
9303
5284
3615
9798
5695
2889
9504
7661
1257
7022
0775
9790
7095
6887
9157
8562
7466
1024
9915
3177
8166
3901
1993
8403
9920
8263
2406
1936
0926
0806
9497
4240
4824
5048
8301
8519
2443
3251
4699
8133
0326
4668
3306
1481
0666
3880
9431
8758
9232
3392
7066
2122
9501
0235
7628
6736
8537
5208
1664
5230
9124
8345
6458
9833
6542
7508
9521
9012
7425
9884
9149
4873
1988
7758
6635
4124
5013
4243
0241
4435
3820
3877
5289
6710
8622
3900
0032
2232
6876
8039
9209
9354
5060
7715
8481
5790
8728
8672
3475
8189
6123
6828
9624
6119
9514
1618
8492
9271
5089
6949
9653
6699
6915
9860
4750
6002
3368
1394
0916
0247
8968
8961
9747
9426
7616
9513
6817
1036
3939
4574
2852
8779
2077
2168
5794
9887
4278
2923
6989
0639
9775
0069
9834
4685
8318
3424
6085
5855
2851
6179
7253
3351
9208
4743
5032
1606
1488
8051
1665
9806
9358
2340
5568
0970
1576
7214
1423
7025
7770
5792
1437
2075
7127
3829
5960
0163
7644
7736
5538
0451
5853
2630
1104
4902
7681
6403
3497
5706
4529
4809
7059
2624
0953
9363
7008
6638
6274
3919
4250
1691
3831
3572
0738
4259
7158
4282
9753
6753
2612
8408
9810
0722
3646
0376
8313
1135
8726
6717
6913
0142
7170
8692
4346
1560
7191
0909
1789
4957
1764
0360
0985
1189
5195
4734
1955
8472
3959
8157
9865
3264
5615
3378
6518
7654
0223
7047
3824
0092
9941
7493
1372
9996
5498
7997
8292
2681
0399
1814
2445
4039
0253
0245
0200
2335
3246
3016
8438
9917
5554
4989
8074
6897
8233
5693
0888
1446
6383
3407
7741
0692
7843
6604
5381
0151
6587
0845
8424
7379
6574
3278
6514
0717
3204
3144
9344
5123
5074
7852
9977
0882
3812
5225
7360
4915
0048
0404
0019
8766
1367
1627
3209
4922
7114
2440
6483
2236
3819
0532
1095
3669
8626
0579
2261
8901
4797
1841
1405
4682
0336
1973
3199
7012
7620
2120
8064
7920
8270
9855
8392
3332
4404
6037
0470
0768
2435
3936
3674
3235
0213
6329
3867
7908
9357
6716
6427
1517
1176
4114
2130
4121
9764
9799
0707
9683
5342
4817
2465
5649
7925
1428
1238
2324
0037
7549
3428
9549
5750
2514
7234
2934
1855
6207
4160
4549
7775
2173
5808
5215
3754
0009
4416
6433
8691
3295
5900
3771
2845
5589
7689
6404
8333
9609
3281
4812
8719
4897
9119
7334
1150
7935
8663
0801
0920
6222
7386
8239
4865
3260
5707
5618
0083
8703
3488
2978
5491
7134
4768
0585
4800
9942
1762
5349
4781
6171
7353
8724
3021
9816
7278
2740
2501
9654
9802
5056
3369
3984
4684
9933
2542
8844
0161
7597
9277
4425
1480
2481
9541
6321
2924
0425
7842
3729
2949
4819
6687
4560
1243
6871
2511
6322
2404
8224
3852
0109
1751
2701
5674
7358
3254
5686
5640
6916
4263
6156
4024
1143
4892
3866
1964
2125
5675
5231
6384
4667
9083
8688
5387
7800
1134
5243
8947
3494
3133
6011
2838
5158
5720
7217
9240
5562
8748
1867
3837
3908
6685
6619
5830
0061
1136
6237
1248
0613
6082
7142
4060
9171
7460
2547
9759
1464
8780
4204
5884
5701
2349
9233
4996
4810
7233
0587
2134
5168
2981
3826
2473
1702
8518
3680
4400
8317
4986
6282
7695
6948
0632
7030
6362
6298
8128
9688
4106
9935
2921
1328
0236
7529
8531
3294
0004
3815
4372
3631
9258
6624
9299
1168
6259
2351
2995
9602
2108
5659
4231
8504
1145
3834
7231
2711
1600
6814
0979
0599
7820
7282
9194
2026
4725
1395
3417
1025
5569
5001
9127
5500
3356
1358
5236
1783
4561
4592
1214
4335
7473
9317
4370
4814
8154
5623
1065
5169
5435
6842
8546
3111
1485
6489
5031
1274
1990
3101
5172
9643
4361
8382
4500
6049
8701
8982
6964
0858
8593
4795
4294
1742
3736
5319
6000
1778
3188
6947
7290
1048
4784
1870
8433
0641
8888
0147
4016
9576
0560
5348
4843
9629
5190
7139
6910
7532
8956
2713
8253
0124
1469
8029
2615
5499
0207
4789
4783
4415
1649
0531
2872
4406
7707
0686
2297
0434
6980
7051
2584
1564
7009
1282
7821
2697
4144
2903
8190
8914
7703
2507
4270
1594
5232
2138
5229
9112
1432
9001
4331
1215
2383
8428
0612
9738
4593
2097
5194
1281
4830
6243
7868
6131
6359
6051
7156
2213
8254
9364
8093
6691
9302
8371
7880
9574
3423
9656
7017
0808
4760
7675
7612
4338
3682
4345
3116
3322
3600
4008
6007
2420
6896
0946
7213
1601
5428
2328
5743
6286
0065
0617
1439
7131
2551
3178
0480
4466
9944
1504
1461
9811
5134
4503
9269
9598
9992
4421
1636
8027
8018
1088
7397
6931
3758
2133
8905
0269
6202
1021
6888
3565
1205
9748
1276
9137
6030
9239
9708
7408
7019
7463
2917
5398
4604
6637
1779
6114
7266
3961
2291
8135
0089
7643
8709
9980
1588
2031
7845
2339
5267
2610
7406
7600
7554
9031
0331
2685
1451
9791
2769
6613
9699
7938
5432
0125
7263
5652
1986
2757
5581
9336
9982
3135
2171
9305
6440
2074
0767
0959
5273
2060
5828
7608
5173
1802
7107
4850
2946
2218
1268
8482
5574
0847
1660
0460
3681
4726
0794
0358
9351
2776
0762
3703
9976
2167
8738
4941
5041
7915
2570
8215
9422
5255
1999
6090
4312
7878
4619
3189
7674
8176
4703
9079
2557
5946
0285
1869
9919
1528
0315
4867
9395
3232
1743
1768
6813
8079
8324
7140
7054
3391
5927
7363
8421
4371
6511
1567
2936
4840
8764
9245
5727
1619
1304
9566
7651
4681
6569
9129
2004
1009
1166
5949
2220
8336
4271
1377
8736
1982
1997
9975
7438
5061
0710
5558
3797
5497
1956
4879
9163
1952
9117
1349
2580
6861
5298
9870
6781
5678
9706
3330
4527
3889
2224
5304
4385
2958
9458
2096
8981
7693
2733
5550
8987
3804
1327
9372
8522
5122
5599
6985
7188
9883
7853
9547
2626
0800
2064
9374
9367
8579
8004
2442
2953
7492
1397
2651
4481
4711
9580
2803
5027
5584
3757
8742
4194
7481
3279
9198
0455
5940
3860
5780
5018
3039
9195
0565
2719
2590
8387
0158
1933
6902
4055
3874
1119
0967
8006
8185
1033
7145
2128
3909
9013
0333
7746
5201
9255
2255
3333
6355
3486
7192
1994
1407
6010
6168
8598
6700
0925
1384
7123
1165
3019
2646
9760
4476
2555
3545
6205
0949
4630
5113
0788
9318
3552
1729
1874
2179
8690
9121
7742
5440
7101
4449
6672
8349
7357
1886
0848
7113
7582
7153
0180
9320
5389
7146
7070
0003
7534
4741
5345
5370
3730
5291
2818
8441
5261
7018
9687
1415
5851
0724
6972
6238
4576
0314
3906
2735
3992
1219
9670
6059
0601
7041
9316
3513
8991
9068
8261
6369
3789
4424
6668
9745
5602
3103
2380
6391
2009
1115
0320
6735
9958
2982
1868
9523
9572
2571
0231
3167
6774
8148
6291
6836
8159
8705
4480
8868
7405
7967
0660
5343
1815
9353
2913
9617
0123
3062
8900
1570
2969
8911
0528
5227
5944
2938
5871
0462
4275
9343
0713
2381
7745
2140
9033
2604
6577
7639
4531
4936
4932
1484
1413
9867
1829
3735
8540
7099
0210
6914
8003
4036
0576
8038
3510
1966
8446
4112
7951
2728
2699
7433
2616
4220
2617
1307
1549
4632
3642
2627
5708
5163
3323
8555
3256
4847
0814
8044
4988
1647
0205
8776
8749
2559
6720
6669
0070
6725
0049
2752
7543
8085
6540
9667
9771
6029
3265
4212
9542
9498
6203
2522
9973
4267
3557
1918
1758
6363
9539
6721
3863
2035
9795
0219
2533
8052
7544
2101
4556
3666
5729
9085
9279
4279
4881
8022
5021
6190
3500
9051
8909
0416
0766
4022
3164
5394
8056
3873
4096
0836
5760
1236
7338
2955
9148
0077
7402
9979
7485
5249
7783
8413
5136
8730
8565
9105
0544
0353
6246
6152
8435
0260
4378
4434
6352
5605
3406
9703
8926
7977
9443
5063
4639
6663
6071
5874
5752
1499
8308
0225
6719
7478
2447
3593
9660
4602
5495
0757
8099
7802
4429
1703
9324
7834
3561
0453
0659
1785
0114
8171
4551
7712
8344
4349
7531
9383
8952
4412
5842
4426
0608
3196
8617
1173
9823
5023
6727
5045
0478
3767
3657
9767
7633
5789
7668
0490
6217
1556
7904
2989
5977
6548
6397
4402
4636
0145
3958
4555
8708
6747
6050
7772
5077
5545
2937
1926
9910
6350
2663
3675
0388
1245
7747
1133
9297
1099
5645
1177
1463
0725
3713
6627
0948
8561
0110
1801
5481
1353
5213
7981
5157
7676
3012
9424
4702
7268
0278
0715
3890
5218
1108
9709
4226
9259
3821
0357
1914
6028
8656
0861
4984
0731
1338
8702
1913
4251
4360
6704
1017
4033
6977
5641
1454
5935
1630
8508
0705
5873
1882
7132
1109
0097
1459
0756
5379
5368
6310
8618
3220
8181
0624
6235
0673
2933
8989
5166
4261
4935
8265
9049
3035
3773
0519
8012
4006
2083
2847
9896
9516
0614
1070
7078
6979
9350
4113
2633
6816
8000
2816
1596
8153
2863
9070
2106
0031
8347
4620
3879
7682
9854
8167
4572
0771
7850
6625
0033
7211
2303
8163
0263
0620
6210
6513
4313
3723
9234
9448
8088
3266
0105
2393
2280
1539
0159
7721
2558
4183
7985
9096
4461
4340
0264
3450
7296
4519
8949
1981
1683
3605
4049
5237
8493
8640
4146
7186
6381
6470
6752
9783
3213
8381
0703
7818
7667
2304
4798
4368
9838
7281
0850
8206
8619
9506
0239
7394
5202
5723
0082
8550
7706
2951
9151
5995
8043
5899
4994
3807
9614
9945
6802
7859
7242
1939
7302
6269
4627
0633
0754
8016
6260
6932
2832
2893
9449
1732
8204
1325
8363
1985
2151
0238
1160
9371
4448
7813
0962
1730
2258
1297
6262
8499
4284
9947
3935
8613
7135
3223
3599
3217
6303
8614
9260
6791
9718
8881
8687
3968
4997
0383
5728
0292
3511
5629
9076
2544
7065
7422
5822
2233
4174
3950
0327
6126
3627
1375
4440
1007
6187
3695
1862
7168
9696
7518
9120
4162
0300
4157
0104
2565
5812
6366
9866
2621
7757
9680
2745
3020
5796
0864
2747
5565
3331
7672
8809
6909
8050
7807
1299
0685
3491
9571
6428
2985
2310
7249
8853
9183
6083
6865
3272
5600
4666
6392
1476
0569
6586
5668
1978
6175
0228
3888
1945
2691
9674
4324
9532
7551
3975
0676
2815
3159
9214
5753
9978
7321
4829
0188
2419
7164
5770
3386
3086
7119
1996
3104
1686
3532
5563
6276
3249
1510
9334
2975
1735
8103
3271
8307
0479
2032
9761
7847
8172
4645
3885
3795
1938
6273
2660
2926
5656
8597
4670
3781
1898
3635
7574
1188
6125
0982
4439
9820
4262
8214
4438
5459
8423
8247
3672
1003
5582
8704
9827
7733
2459
0154
0328
7979
0447
5561
2024
6563
1670
0737
3468
6128
7173
3187
0750
4149
8379
3701
2410
7965
7836
4845
2858
5135
2333
1530
6055
4729
5877
2048
1756
5866
6072
6868
2159
6675
9193
5447
1037
8505
8542
4453
9505
8259
4184
5265
8944
1117
7355
0761
9702
8418
3262
5350
7252
7596
2265
8165
5933
9519
6603
4507
8757
8573
3762
2524
6645
4738
7613
4333
2266
5572
9293
6285
5504
7262
9939
1799
2532
4132
0643
5196
3438
6413
7782
6173
3384
3857
3376
9850
6500
2724
4011
6066
9583
9569
6393
5662
3430
4874
1508
2908
4211
3022
6614
2008
3734
6311
7182
8455
0459
1471
7959
7024
2864
3397
7475
2653
4457
5970
3448
7609
5835
6633
0629
2001
1796
9310
0758
9927
1241
9016
6101
8071
0192
5309
2157
4069
4690
2480
8544
3373
6185
8341
3611
2109
0899
8984
6652
4355
0380
5406
7989
6553
8964
8054
8502
4657
0423
8963
5292
8642
2589
4242
3344
0401
6853
6815
5971
6188
7298
0664
1355
9339
5515
8020
6555
8486
7973
0662
9807
8891
1685
5401
2396
0198
7753
8529
1326
6234
2045
3634
7999
4975
5627
2259
8014
6918
8323
8996
5552
9517
7535
2734
5268
9069
6047
2750
2450
2226
2741
1739
6761
1917
6505
4050
4173
1672
7264
8116
0275
3355
7796
3255
2003
1795
8187
9135
4035
4524
6494
5583
9222
4934
6722
1339
3922
5819
0052
8293
0060
2534
1919
9329
4418
8487
0736
8589
1130
7088
0522
1090
7392
8651
2935
6464
2051
5541
2706
7723
7734
7760
1935
9359
3038
2192
9188
8801
7320
7857
5765
7603
7913
8734
4330
8574
5420
5121
8399
6551
9765
3547
8359
5405
7265
2943
0592
5028
2976
1940
7328
7827
0265
8111
6860
0910
8255
1462
3604
1765
2586
7210
5553
5443
9545
8023
8754
4598
2516
5170
2142
6236
2575
3498
8559
7223
1110
1207
2264
7879
4718
6903
9414
2426
9499
8822
7727
5703
6005
6711
4474
1555
6742
1411
9254
1345
0438
1479
8650
4714
6225
6025
0411
0832
2423
6894
4663
9592
1865
0050
3902
9197
0507
3791
2290
3138
4102
6182
0444
9953
8500
2257
9633
4299
3308
9267
9314
7983
6891
7570
1366
3711
8923
4031
5081
0947
1693
1155
0319
0055
8530
4643
6254
9034
6479
1791
8733
4633
8045
1438
2364
5209
5413
6588
4587
2119
1609
3193
6270
9220
5002
2683
6942
8667
1288
7410
5181
6881
7806
7029
2631
1066
4387
0769
0403
5657
9611
7446
5948
5585
1127
4043
7504
4082
5633
1723
4459
3047
4705
9864
9088
1239
1804
3094
9561
7764
7658
6837
4695
1216
8226
9307
5423
3753
8151
5034
5909
9769
9402
1290
2438
3544
5941
5829
7129
4591
5131
3003
6149
0112
0001
0647
8222
7941
1225
3749
0150
3948
9488
4886
2585
9686
5667
4280
3073
0429
9446
9573
2810
2922
8427
1231
6697
9846
2067
3714
0936
8781
2607
3519
2455
6324
0276
3506
8391
9490
1097
9892
8837
5383
0448
8647
7910
9589
4721
8939
3484
4508
0286
7053
9705
1655
0529
9114
9019
4803
3790
7955
0817
2202
1074
3077
9406
5684
3822
3309
9567
1840
0661
1229
5646
1056
9474
9964
5404
0502
0525
3905
0952
3620
2110
6164
1707
8983
9621
0174
0744
1709
9814
3739
3163
5461
5810
2253
6245
9974
8251
2052
1888
8015
3068
4143
5793
1673
9126
1525
9894
7390
0488
6833
5764
8827
8121
6847
1921
6536
2093
2667
5240
4246
9929
0837
8762
7563
6546
4754
9597
1571
0928
0039
8143
0095
9024
9038
7106
9438
8889
0272
9159
7034
0971
9331
1581
9172
5672
5106
1856
7259
9524
0596
1506
0667
7519
7779
4353
8684
7662
7931
8833
7105
8287
3598
3578
3046
3570
9577
4376
0062
8200
7686
6163
7815
8457
8712
6789
5235
4980
3883
4505
4099
3929
3197
7553
8451
5415
4254
6006
0415
6673
8763
0657
2772
4386
5274
8988
5518
8025
7824
6845
5908
1640
3454
5316
1379
0897
7327
6153
7903
4373
2491
4095
0740
2276
7471
7729
5705
3818
4105
4969
1957
2732
3628
1719
4446
6356
6154
6250
6557
5252
3614
2530
5660
7952
9836
0007
2082
5324
9477
3505
6197
9871
1175
3668
0504
4623
5210
5046
9995
5042
4325
5730
7181
8945
4004
9360
0437
6661
4895
2245
8453
4952
1610
2665
8660
4831
5709
7580
9522
7905
9780
2962
2180
3990
7777
7953
7564
3371
7530
8083
5205
9167
0734
8013
8282
6601
7803
7287
7374
4846
0735
1523
4970
6471
0034
7122
7057
7293
0626
6611
9189
8212
2204
8420
1771
2895
6655
9403
9311
6416
7332
9110
7137
8878
4329
7434
0753
4465
2849
8217
0644
2548
3301
7932
2862
1390
0283
3052
8993
3335
4912
9002
0197
6957
4030
8357
0473
0064
5325
0658
4369
1750
9401
8305
1252
7451
0135
9009
2798
5758
6770
6375
9452
5238
8969
4550
0927
5214
6893
5186
0893
2920
9133
9473
1989
3693
3842
5914
8509
0127
5654
0365
8156
4257
9520
4981
4815
1505
1821
3917
1580
2804
4916
6509
8706
6361
1448
2987
0339
1152
6060
9987
2334
3303
1585
0117
9057
6834
3571
7215
1695
1198
2873
7816
1962
3195
9881
6618
3810
3596
8578
9086
2323
9594
7849
0939
0802
4976
4533
2021
5266
9988
9650
3267
2311
5647
3120
4395
6195
9404
9822
3923
0204
2312
9940
8274
8237
3034
6584
3383
2531
9487
7577
5797
5630
0190
5020
9963
7671
8389
4573
2485
7623
5314
7664
2602
4751
6728
2490
5112
8959
2201
7663
9613
7317
5531
1687
5756
5721
7452
2537
5676
6419
3539
8994
2471
2515
9959
0027
2495
5335
5148
5097
5277
8895
5885
4727
8629
2156
5352
2856
3886
4057
6830
9675
7724
8985
0189
8132
6523
5747
0892
4089
7476
5067
6799
3618
2500
9644
0024
8213
3726
5598
8095
3222
3152
7635
2641
5241
4973
7558
8240
3334
7697
2581
8858
2760
2690
3974
4637
8470
0484
8951
6003
1712
7479
3001
1794
1140
8338
3671
0512
9845
5338
7084
2268
4866
3707
4888
0575
8693
6825
4947
8218
1827
2619
0876
8325
9734
1013
3211
3568
1535
5372
7220
2353
0681
4626
6493
5632
3031
1287
0807
0842
6170
1849
9347
6797
6004
2112
3526
2241
2513
6052
1622
9032
3476
5380
1039
4479
8243
0950
6884
7300
0113
9465
0057
5653
4740
0997
7573
9752
9006
1426
6001
1298
6568
2771
4811
7031
5947
6474
8485
9969
0013
8645
8566
1513
1628
5702
0604
7739
0773
4028
4791
6312
0080
0337
7201
0175
0043
6456
4362
3241
7507
0930
3947
9991
3999
6181
6425
3764
2153
0763
6642
4042
5149
8245
2778
8077
8646
0646
0755
0356
6039
2655
5234
2254
8105
5608
8086
9676
9337
8854
6496
2102
3445
9388
5053
1404
3402
8216
0271
1272
2918
5062
8610
0825
9786
3065
5327
8941
0215
7560
4138
9161
5961
5153
7255
2744
5371
9236
7325
7833
3964
6650
1452
4076
5679
3170
2452
8368
9387
2941
0921
1694
9427
2659
2974
9203
1034
4206
2221
8401
0557
5844
9391
4322
1941
0153
8576
2577
7656
8201
9223
0211
0865
8860
9082
7247
4398
7035
6320
6446
5911
6159
2703
0220
8717
7991
3581
2080
4501
3738
7313
8974
8799
5737
3973
6983
8669
2540
4863
9900
8297
7347
7245
3337
1746
5133
4748
8722
8783
2413
3311
0351
1551
4493
2273
6024
4066
9047
1644
6368
6713
5937
8475
7482
3986
0362
6337
3127
3838
4012
8370
6193
6476
5485
1822
4288
9091
2482
9039
6585
3023
6056
2223
0122
0330
5281
8621
1302
5014
4403
9815
8298
3871
4876
2648
1314
4769
4268
4832
3027
9237
9707
1393
9851
3389
6434
6358
5285
4482
1002
1736
3067
7487
1312
3474
1455
2785
8223
4198
8469
7576
8109
7545
7001
9483
6294
8912
3074
4656
7629
3148
4660
9298
3236
3825
2306
2905
9512
1830
8883
1161
3832
6410
4613
3742
1167
3930
2748
4599
5833
7161
6461
7269
6130
8463
5008
1028
2137
4580
4583
4654
8930
0359
4920
6558
0719
8384
3227
3827
3418
2139
3214
0515
3522
1633
7162
6656
0067
5929
8732
8063
8558
7954
3282
6271
9162
8850
6788
8353
4780
1118
0078
6209
6308
0410
6299
6094
6872
7592
1846
3106
6973
5663
1344
7275
9377
3096
9543
8197
9460
4806
7594
2018
8473
3414
9701
7337
9853
1147
4618
4445
7587
9529
2820
1658
8577
4622
0420
3317
0346
2966
4526
2676
3247
0702
2779
1976
4737
2770
0816
5661
2788
3744
3017
3563
7342
9837
4597
2178
8342
1402
0615
2595
7398
4094
8677
9724
4838
1717
8364
2919
3107
6591
7322
5863
1834
7583
0860
2545
6731
4056
6580
0102
2929
9326
2916
3987
6919
9215
0563
4452
9776
2789
5283
6278
1075
2059
1850
8138
7227
9228
8495
3931
4199
0523
4899
3808
4046
2716
5212
7937
9282
3569
5520
1547
2308
0555
5906
7575
9857
8047
2614
9535
4491
0457
3731
0017
6623
9262
4904
1151
7428
8866
0134
5999
6467
4070
5704
1811
7236
4486
1653
9648
0392
8390
4570
3118
5964
4467
4492
7117
4528
9278
2878
2503
1889
9150
5578
9990
1220
3293
3515
3109
1357
2262
6430
1923
3097
9420
8092
0387
1156
6889
9757
1929
1507
8192
7719
5179
2549
8560
8595
4216
7026
6424
5103
8319
3064
9143
5768
6420
5080
1255
0720
1931
7049
3435
2244
1552
2458
2998
0934
1271
1797
7228
7021
7102
7120
2299
9575
8395
7090
3517
9385
5603
5130
2256
5848
0407
3849
5442
2408
1690
5346
6901
8670
1621
7455
5357
2588
7443
5307
8462
3321
6807
3005
8657
9899
6796
9792
3651
5054
5783
9548
3554
2461
0972
3719
3616
3318
3043
8671
1329
2371
3390
6890
2172
1453
2484
8931
1363
2773
4525
3878
2569
0464
0232
3171
9273
1315
7256
6862
3013
8465
8479
8178
4366
4982
5928
4776
9879
9677
3289
2409
5293
3662
6575
1360
8311
1137
7787
5093
2395
1863
6140
2634
2538
6018
7189
2722
0296
4026
9725
0669
0088
2187
7152
9925
0600
1859
1008
3146
0537
7969
4357
5809
5593
9500
4225
1651
4091
7316
7159
9538
0957
0625
5548
3942
5865
1820
6104
5167
6767
9778
8275
1417
4032
6848
4142
1984
9606
8683
4910
9471
0301
0968
3647
3595
6975
2412
5955
0781
4502
4045
2682
0944
0364
1029
9773
7276
2670
4581
3869
0919
5280
0804
9744
9379
7383
6899
2127
8244
3015
4765
1697
0282
4554
3234
6520
3788
5816
0590
6330
2915
8761
7987
1624
1342
0792
8205
9053
8970
7331
2392
8777
5926
0964
0489
8805
1837
5496
5773
3385
3126
7817
8231
4943
9909
4761
3432
1604
3529
2016
1682
6859
9132
4488
2376
7285
4669
7926
1079
3692
0904
6819
5594
8653
9340
5090
5102
2973
0595
3995
2526
2327
2247
2910
2029
8272
5451
8830
0628
8675
6565
0992
2932
1502
0259
0976
0012
0548
8284
8554
0605
4955
5606
6349
1232
6289
7232
1106
8474
6134
8767
7793
0679
9651
8149
0471
8768
7700
5564
6809
9787
7258
4344
6148
0140
5410
2900
7432
3665
7111
3270
7274
0156
5575
4258
6325
5870
8466
5317
1424
1015
2169
0014
8524
4304
6069
6135
1793
2366
2756
1835
7919
1843
2909
6766
0284
4949
0903
7792
5910
0752
6686
6900
5411
6117
3969
4674
0186
6445
6852
4427
9186
4896
2061
9788
9502
5297
9190
7933
1401
2295
3716
6109
0432
7136
7795
1708
4558
0863
8460
2695
1871
2726
9486
9136
4594
5470
1330
0304
2279
3336
7180
6327
3637
4443
9911
6653
7167
4509
5579
3814
0721
4651
3349
7947
9904
5109
6764
8372
4266
1813
0501
2229
3058
7911
7512
6400
7784
5107
8037
9177
8839
9178
3185
6189
9713
7886
7354
0308
1689
4437
3543
1084
5188
5417
7062
1000
9408
4908
1387
4771
6345
7837
1059
8334
7624
6155
5493
0889
9998
1030
7896
7301
7619
3405
0654
8145
6317
3537
4009
6064
6447
0574
3956
1406
0577
1441
7004
3117
1766
4689
4842
2671
4774
6850
0810
3084
2606
3091
8713
4145
0395
0129
9348
1603
2710
0886
2678
0290
3055
1891
0536
9804
6080
4835
7450
1343
6571
0929
3203
0881
2650
3624
5896
2037
2287
0777
6435
5143
2800
0549
7976
9365
8366
9253
5778
8152
6944
3993
4744
7130
8137
0945
8278
5744
1724
1788
2696
3200
7503
8416
3542
7420
0682
0270
2123
8808
2517
0026
5671
7324
7942
2228
9035
9432
4227
7766
3769
4148
6906
7341
3685
5786
5247
6275
4498
1873
8102
1069
6841
2235
7516
7060
0329
1575
4321
1666
5366
6095
0288
7110
2072
5588
2579
8249
7456
4001
5308
2993
7996
2562
6777
7584
1190
5791
4277
4363
8899
8815
4959
3008
7413
2270
4692
0951
6905
7435
3841
9074
0683
5477
4048
8673
0098
5806
1987
4409
7178
3367
0877
9421
8893
7602
0390
9727
3226
4640
5501
0498
1319
1842
8890
0588
9451
5883
3903
7310
0226
0375
0918
4236
5624
8795
3495
5180
1650
8539
0350
7716
1857
3710
3760
3667
7367
0907
1264
2774
8170
9668
4661
7046
6804
9330
5418
0148
5047
6671
3641
6032
8553
5834
0164
0690
2346
7673
6856
3776
6485
4350
1776
6800
2598
0111
4432
7781
7509
7055
0866
8842
0891
7547
1213
4356
6873
3843
2098
4926
9565
2944
7520
1540
6701
5664
5749
6065
7641
6754
9762
1495
4218
1064
7401
8070
7930
4735
2058
9730
7634
1782
3258
0824
8933
5384
9700
3712
7318
7501
3663
3911
0653
7426
3803
7086
7292
0030
8814
9863
5566
5996
1584
4596
8354
5079
4291
6707
0908
4117
0520
7483
2397
6288
9478
6043
7116
9147
0538
3190
5473
0234
3208
3664
8514
4589
4823
9503
1805
5287
5523
3882
1142
2000
2068
4906
0201
1741
5983
6583
5489
2196
5373
7423
5444
0789
8859
8685
5156
4256
7732
8329
2539
8831
6211
5827
3915
2488
5276
1263
8314
9989
6665
0978
5200
4851
2325
9390
8907
3132
4974
8915
5959
2251
0759
3949
4939
9533
2170
9376
9913
2977
2099
8978
4075
9229
9145
4675
5177
6705
2880
6444
5601
7032
0115
8179
1429
1004
5036
6144
8220
4119
3409
6429
2430
7839
7823
7966
9128
3977
5248
1078
8477
4287
7000
1625
3139
9185
4029
4233
5886
8697
0116
3352
7385
2725
5898
5943
3140
4671
9475
1542
3153
2963
0564
2092
6634
6793
0322
2407
0711
2094
7752
7495
5757
8836
5099
8375
4469
5951
3534
0355
8326
2206
5592
2053
4966
7638
0795
3032
8756
5263
9934
9409
1896
3610
3699
5302
0828
8584
0311
5514
3621
2027
1181
3953
0381
2968
0871
7246
8884
4967
7329
0212
8668
5462
9886
1860
0571
9067
3165
8348
0344
9662
6441
1901
3230
1279
3273
4631
9071
1748
5119
5637
5642
6357
1125
7646
1744
7103
1586
0227
5597
8980
5007
7610
1909
5426
8849
3442
2091
0254
0818
6631
6885
2155
0334
1733
5118
0312
3079
1675
0764
9412
5199
0988
4706
8863
7437
5907
8053
0853
9763
1792
2826
1754
7244
3698
4201
6244
5529
2136
5740
5364
5083
7944
3587
7755
8350
9882
6953
2729
7691
9450
7640
7990
9100
0412
6443
0309
3471
9335
1086
3342
7601
5128
8744
5100
5905
9319
6251
3080
7578
7722
8583
6810
8383
4189
1844
6451
6954
0527
5476
4496
8735
4693
0838
5987
9877
9875
8753
6748
1285
8232
8084
1704
5206
1478
9256
2086
3028
0398
7968
0634
8932
0741
0990
8829
2541
2999
9382
8516
7384
7929
4542
6412
9636
4799
8990
8162
4341
3025
1970
5508
6145
5340
2348
5193
1418
9895
9102
6248
8845
4495
9466
5736
7548
2076
2152
2642
7260
2415
3507
3345
8823
7898
7454
8069
6811
5837
6386
9238
2163
4615
8283
0885
3705
3981
1950
6785
0879
8104
2489
2827
1538
8896
1738
0542
4909
2063
0787
4931
7064
5386
2272
3416
2243
9622
4388
5334
4139
5427
5022
1577
9608
4485
7877
3946
7958
4092
8125
0391
6118
2746
7970
6333
8898
2567
6606
5295
5402
0107
3602
5137
0318
2543
2317
1389
6287
0093
2755
8207
8557
0209
2468
0896
1734
9635
1334
5437
7810
8936
7650
5716
8174
5145
2145
1172
7115
1509
5587
8355
7414
3451
8059
2006
6869
8510
3752
8689
5931
2030
5424
6629
6344
8739
9638
6741
6178
3603
1631
3131
3325
8627
6877
8620
9101
5985
7725
5012
8793
6684
0650
9824
0324
6240
5408
0063
6965
3938
2436
6169
7085
8811
0852
7855
7033
6904
0778
0829
1925
7388
9550
4179
1494
9158
5396
9552
1356
8789
2347
9797
0340
4135
8608
3594
0716
8193
5044
8590
2350
8894
3419
2649
0103
2712
0518
7809
1318
3782
0099
2991
0160
9534
9679
4786
0021
0377
9590
3613
6698
4497
6857
1046
7540
7303
6457
4177
5921
0173
5733
9045
0996
3892
1536
9868
1336
9479
3353
9046
9637
2448
1053
2292
1403
4778
3952
9736
9268
6880
6562
4917
4374
5631
4539
1364
8067
3377
1204
0166
4772
9957
6044
6092
3588
8414
3375
2105
9380
6870
5699
5859
1512
8032
3175
3678
0977
5897
4511
3298
2796
1773
7778
5595
7377
5526
9182
3433
8549
0397
2041
0372
8404
4392
9304
2025
9672
9313
1614
5507
6808
6600
8678
3338
7785
5856
9664
9726
9218
0071
6468
9235
4753
5857
1546
9997
8097
5818
8030
1924
6763
2694
7440
5880
6224
0559
7251
6920
1388
5114
1895
6534
8511
0467
2469
2499
3751
8699
5644
0316
6472
6696
9224
5934
5692
9510
6708
0298
7194
2095
1561
9555
6258
0101
6992
3559
9481
5938
8346
6161
5434
0989
4893
4688
0874
0257
0418
9241
5576
0240
0956
1348
5677
8662
1269
0915
9089
9986
4930
1399
4518
2611
3050
2162
3778
1897
3169
4314
4141
4274
1306
4792
2822
8031
2307
7183
3737
7617
2190
0597
4794
0533
6421
0059
4900
2596
3538
0422
3102
2478
6103
5537
6372
2028
8792
4188
9301
8021
7627
4691
3162
2462
8361
6417
1171
4292
7657
1301
3472
6729
8588
6831
8173
9196
5869
8707
0993
1087
9191
4342
6132
7163
1031
6486
8643
6765
3945
2124
8541
9779
1503
0279
4408
4742
5992
1832
2111
4405
7917
2090
4680
4903
6409
0446
6460
1944
5980
4433
6008
1777
6089
5035
5779
8161
7975
